201550080801, ,
201550080802, , 
201550080803, , 
201550080804, , 
201550080805, , 
201550080806, , 
201550080807, , 
201550080808, , 
201550080809, , 
201550080810, , 
201550080811, , 
201550080812, , 
201550080813, , 
201550080814, , 
201550080815, , 
201550080816, , 
201550080817, , 
201550080818, , 
201550080819, , 
201550080820, , 
201550080821, , 
201550080822, , 
201550080823, , 
201550080824, , 
201550080825, , 
201550080826, , 
201550080827, , 
201550080828, , 
201550080829, , 
201550080830, , 